puissance rpm 

 0  0 

 1  0 

 2  0 

 3  0 

 4  0 

 5  3 

 6  11 

 7  8 

 8  11 

 9  11 

 10  13 

 11  15 

 12  16 

 13  20 

 14  20 

 15  21 

 16  23 

 17  25 

 18  26 

 19  30 

 20  30 

 21  31 

 22  33 

 23  35 

 24  36 

 25  38 

 26  40 

 27  41 

 28  43 

 29  46 

 30  46 

 31  48 

 32  50 

 33  51 

 34  53 

 35  56 

 36  56 

 37  58 

 38  60 

 39  63 

 40  63 

 41  65 

 42  66 

 43  70 

 44  70 

 45  71 

 46  75 

 47  75 

 48  76 

 49  78 

 50  80 

 51  83 

 52  83 

 53  86 

 54  86 

 55  90 

 56  90 

 57  93 

 58  93 

 59  96 

 60  96 

 61  98 

 62  101 

 63  103 

 64  103 

 65  106 

 66  106 

 67  110 

 68  110 

 69  113 

 70  113 

 71  116 

 72  116 

 73  120 

 74  120 

 75  123 

 76  123 

 77  126 

 78  128 

 79  128 

 80  131 

 81  133 

 82  133 

 83  136 

 84  138 

 85  138 

 86  141 

 87  143 

 88  143 

 89  145 

 90  145 

 91  143 

 92  143 

 93  145 

 94  145 

 95  143 

 96  143 

 97  145 

 98  145 

 99  143 
